Стан саду: 
1 1 1 1 1 
1 1 1 1 1 
1 1 1 1 1 
1 1 1 1 1 
1 1 1 1 1 

Стан саду: 
0 1 1 1 1 
1 1 1 1 1 
1 1 1 1 1 
1 1 1 1 1 
1 1 1 1 1 

Стан саду: 
1 1 1 1 1 
1 1 1 1 1 
1 1 1 1 1 
1 1 1 1 1 
1 1 1 1 1 

Стан саду: 
1 1 1 1 1 
1 1 1 1 1 
1 1 1 1 1 
1 1 1 1 1 
1 1 1 1 1 

Стан саду: 
1 1 1 1 1 
1 1 1 1 1 
1 1 1 1 1 
1 1 1 1 1 
1 1 1 1 1 

Стан саду: 
1 1 1 1 1 
1 1 1 1 1 
1 1 1 1 1 
1 1 1 1 1 
1 1 1 1 1 

Стан саду: 
1 1 1 1 1 
1 1 1 1 1 
1 1 1 1 1 
1 1 1 1 1 
1 1 1 1 1 

Стан саду: 
1 1 1 1 1 
1 1 1 1 1 
1 1 1 1 1 
1 1 1 1 1 
1 1 1 1 1 

Стан саду: 
1 1 1 1 1 
1 1 1 1 1 
1 1 1 1 1 
1 1 1 1 1 
1 1 1 1 1 

Стан саду: 
1 1 1 1 1 
1 1 1 1 1 
1 1 1 1 1 
1 1 1 1 1 
1 1 1 1 1 

Стан саду: 
1 1 1 1 1 
1 1 1 1 1 
1 1 1 1 1 
1 1 1 1 1 
1 1 1 1 1 

Стан саду: 
1 1 1 1 1 
1 1 1 1 1 
1 1 1 1 1 
1 1 1 1 1 
1 1 1 1 1 

Стан саду: 
1 1 1 1 1 
1 1 1 1 1 
1 1 1 1 1 
1 1 1 1 1 
1 1 1 1 1 

Стан саду: 
1 1 1 1 1 
1 1 1 1 1 
1 1 1 1 1 
1 1 1 1 1 
1 1 1 1 1 

Стан саду: 
1 1 1 1 1 
1 1 1 1 1 
1 1 1 1 1 
1 1 1 1 1 
1 1 1 1 1 

Стан саду: 
1 1 1 1 1 
1 1 1 1 1 
1 1 1 1 1 
1 1 1 1 1 
1 1 1 1 1 

Стан саду: 
1 1 1 1 1 
1 1 1 1 1 
1 1 1 1 1 
1 1 1 1 1 
1 1 1 1 1 

Стан саду: 
1 1 1 1 1 
1 1 1 1 1 
1 1 1 1 1 
1 1 1 1 1 
1 1 1 1 1 

Стан саду: 
1 1 1 1 1 
1 1 1 1 1 
1 1 1 1 1 
1 1 1 1 1 
1 1 1 1 1 

Стан саду: 
1 1 1 1 1 
1 1 1 1 1 
1 1 1 1 1 
1 1 1 1 1 
1 1 1 1 1 

Стан саду: 
1 1 1 1 1 
1 1 1 1 1 
1 1 1 1 1 
1 1 1 1 1 
1 1 1 1 1 

Стан саду: 
1 1 1 1 1 
1 1 1 1 1 
1 1 1 1 1 
1 1 1 1 1 
1 1 1 1 1 

Стан саду: 
1 1 1 1 1 
1 1 1 1 1 
1 1 1 1 1 
1 1 1 1 1 
1 1 1 1 1 

Стан саду: 
1 1 1 1 1 
1 1 1 1 1 
1 1 1 1 1 
1 1 1 1 1 
1 1 1 1 1 

Стан саду: 
1 1 1 1 1 
1 1 1 1 1 
1 1 1 1 1 
1 1 1 1 1 
1 1 1 1 1 

Стан саду: 
1 1 1 1 1 
1 1 1 1 1 
1 1 1 1 1 
1 1 1 1 1 
1 1 1 1 1 

Стан саду: 
1 1 1 1 1 
1 1 1 1 1 
1 1 1 1 1 
1 1 1 1 1 
1 1 1 1 1 

Стан саду: 
1 1 1 1 1 
1 1 1 1 1 
1 1 1 1 1 
1 1 1 1 1 
1 1 1 1 1 

Стан саду: 
1 1 1 1 1 
1 1 1 1 1 
1 1 1 1 1 
1 1 1 1 1 
1 1 1 1 1 

Стан саду: 
1 1 0 1 1 
1 1 1 1 1 
1 1 1 1 1 
1 1 1 1 1 
1 1 1 1 1 

Стан саду: 
1 1 1 1 1 
1 1 1 1 1 
1 1 1 1 1 
1 1 1 1 1 
1 1 1 1 1 

Стан саду: 
1 1 1 1 1 
1 1 1 1 1 
1 1 1 1 1 
1 1 1 1 1 
1 1 1 1 1 

Стан саду: 
1 1 1 1 1 
1 1 1 1 1 
1 1 1 1 1 
1 1 1 1 1 
1 1 1 1 1 

Стан саду: 
1 1 1 1 1 
1 1 1 1 1 
1 1 1 1 1 
1 1 1 1 1 
1 1 1 1 1 

Стан саду: 
1 1 1 1 1 
1 1 1 1 1 
1 1 1 1 1 
1 1 1 1 1 
1 1 1 1 1 

Стан саду: 
1 1 1 1 1 
1 1 1 1 1 
1 1 1 1 1 
1 1 1 1 1 
1 1 1 1 1 

Стан саду: 
1 1 1 1 1 
1 1 1 1 1 
1 1 1 1 1 
1 1 1 1 1 
1 1 1 1 1 

Стан саду: 
1 1 1 1 1 
1 1 1 1 1 
1 1 1 1 1 
1 1 1 1 1 
1 1 1 1 1 

Стан саду: 
1 1 1 1 1 
1 1 1 1 1 
1 1 1 1 1 
1 1 1 1 1 
1 1 1 1 1 

Стан саду: 
1 1 1 1 1 
1 1 1 1 1 
1 1 1 1 1 
1 1 1 1 1 
1 1 1 1 1 

Стан саду: 
1 1 1 1 1 
0 1 1 1 1 
1 1 1 1 1 
1 1 1 1 1 
1 1 1 1 1 

Стан саду: 
1 1 1 1 1 
1 1 1 1 1 
1 1 1 1 1 
1 1 1 1 1 
1 1 1 1 1 

Стан саду: 
1 1 1 1 1 
1 1 1 1 1 
1 1 1 1 1 
1 1 1 1 1 
1 1 1 1 1 

Стан саду: 
1 1 1 1 1 
1 1 1 1 1 
1 1 1 1 1 
1 1 1 1 1 
1 1 1 1 1 

Стан саду: 
1 1 1 1 1 
1 1 1 1 1 
1 1 1 1 1 
1 1 1 1 1 
1 1 1 1 1 

Стан саду: 
1 1 1 1 1 
1 1 1 1 1 
1 1 1 1 1 
1 1 1 1 1 
1 1 1 1 1 

Стан саду: 
1 1 1 1 1 
1 1 1 1 1 
1 1 1 1 1 
1 1 1 1 1 
1 1 1 1 1 

Стан саду: 
1 1 1 1 1 
1 1 1 1 1 
1 1 1 1 1 
1 1 1 1 1 
1 1 1 0 1 

Стан саду: 
1 1 1 1 1 
1 1 1 1 1 
1 1 1 1 1 
1 1 1 1 1 
1 1 1 1 1 

Стан саду: 
1 1 1 1 1 
1 1 1 1 1 
1 1 1 1 1 
1 1 1 1 1 
1 1 1 1 1 

Стан саду: 
1 1 1 1 1 
1 1 1 1 1 
1 1 1 1 1 
1 1 1 1 1 
1 1 1 1 1 

Стан саду: 
1 1 1 1 1 
1 1 1 1 1 
1 1 1 0 1 
1 1 1 1 1 
1 1 1 1 1 

Стан саду: 
1 1 1 1 1 
1 1 1 1 1 
1 1 1 1 1 
1 1 1 1 1 
1 1 1 1 1 

Стан саду: 
1 1 1 1 1 
1 1 1 1 1 
1 1 1 1 1 
1 1 1 1 1 
1 1 1 0 1 

Стан саду: 
1 1 1 1 1 
1 1 1 1 1 
1 1 1 1 1 
1 1 1 1 1 
1 1 1 1 1 

Стан саду: 
1 1 1 1 1 
1 1 1 1 1 
1 1 1 1 1 
1 1 1 1 1 
1 1 1 1 1 

Стан саду: 
1 1 1 1 1 
1 1 1 1 1 
1 1 1 1 1 
1 1 1 1 1 
1 1 1 1 1 

Стан саду: 
1 1 1 1 1 
1 1 1 1 1 
1 1 1 1 1 
1 1 1 1 1 
1 1 1 1 1 

Стан саду: 
1 1 1 1 1 
1 1 1 1 1 
1 1 1 1 1 
1 1 1 1 1 
1 1 1 1 1 

Стан саду: 
1 1 1 1 1 
1 1 1 1 1 
1 1 1 1 1 
1 1 1 1 1 
1 1 1 1 1 

Стан саду: 
1 1 1 1 1 
1 1 1 1 1 
1 1 1 1 1 
1 1 1 1 1 
1 1 1 1 1 

Стан саду: 
1 1 1 1 0 
1 1 1 1 1 
1 1 1 1 1 
1 1 1 1 1 
1 1 1 1 1 

Стан саду: 
1 1 1 1 1 
1 1 1 1 1 
1 1 1 1 1 
1 1 1 1 1 
1 1 1 1 1 

Стан саду: 
1 1 1 1 1 
1 1 1 1 1 
1 1 1 1 1 
1 1 1 1 1 
1 1 1 1 1 

Стан саду: 
1 1 1 1 1 
1 1 1 1 1 
1 1 1 1 1 
0 1 1 1 1 
1 1 1 1 1 

Стан саду: 
1 1 1 1 1 
1 1 1 1 1 
1 1 1 1 1 
1 1 1 1 1 
1 1 1 1 1 

Стан саду:
0 0 0 0 0 
1 0 0 0 0 
0 0 0 0 4 
0 0 0 0 0 
0 0 0 0 0 

Стан саду:
0 0 0 0 0 
1 0 0 0 0 
0 0 0 0 4 
0 0 0 0 0 
0 0 0 0 0 

Стан саду:
0 1 0 0 0 
1 0 0 0 0 
0 0 4 0 1 
0 1 2 0 0 
0 1 0 0 0 

Стан саду:
0 1 0 0 0 
1 0 1 0 0 
4 0 4 0 1 
0 1 2 0 0 
0 1 0 0 0 

Стан саду:
2 1 0 0 0 
1 0 1 0 0 
4 0 4 0 1 
0 1 2 0 0 
0 1 0 0 0 

Стан саду:
0 0 0 0 0 
2 0 0 1 0 
0 0 0 0 0 
0 0 0 0 0 
0 0 0 0 0 

Стан саду:
0 0 0 0 0 
2 1 0 1 0 
0 0 0 0 0 
0 0 0 0 0 
0 0 0 0 1 

Стан саду:
0 2 0 0 0 
3 1 1 1 0 
0 0 0 0 0 
1 0 0 3 0 
0 0 0 0 1 

Стан саду:
0 2 1 0 0 
3 1 1 1 0 
1 0 0 0 0 
1 0 0 3 0 
0 0 0 0 1 

Стан саду:
0 2 1 0 0 
3 1 1 1 0 
1 1 0 0 0 
1 0 0 3 0 
0 1 0 2 1 

Стан саду:
0 0 0 0 0 
0 0 0 0 0 
0 0 0 0 0 
4 0 0 0 0 
0 0 0 0 1 

Стан саду:
0 0 0 0 1 
3 0 0 0 0 
0 2 1 0 0 
4 0 0 0 0 
0 0 0 0 1 

Стан саду:
0 0 0 0 1 
3 0 2 0 0 
0 2 1 0 0 
4 0 0 0 0 
1 1 0 0 1 

Стан саду:
0 0 0 0 1 
3 0 2 0 0 
0 2 1 0 0 
4 0 0 0 0 
1 1 0 0 1 

Стан саду:
0 0 0 0 1 
3 0 2 0 1 
1 3 1 0 0 
4 2 0 0 0 
1 1 0 0 1 

Стан саду:
0 0 0 0 0 
0 1 0 0 0 
0 0 0 0 0 
0 0 0 0 0 
0 0 0 0 0 

Стан саду:
0 1 0 0 0 
0 1 0 0 0 
4 0 0 0 0 
0 0 0 0 0 
0 0 2 0 0 

Стан саду:
4 1 0 0 0 
0 1 0 0 0 
4 1 0 0 0 
0 4 0 0 1 
0 0 2 0 0 

Стан саду:
4 1 0 0 0 
0 1 0 0 0 
4 1 1 0 0 
0 4 0 0 1 
0 0 2 3 0 

